00001100
00000000
00000000
00001010
00100011
10111101
11111111
11111100
10101111
10110101
00000000
00000000
00000010
00110010
01000000
00100000
00000010
01110100
01001000
00100000
00000001
00101010
10101000
00100000
00000010
10100000
00010000
00100000
10001111
10110101
00000000
00000000
00100011
10111101
00000000
00000100
00000011
11100000
00000000
00001000
00100000
00010001
00000000
00000001
00100000
00010010
00000000
00000010
00100000
00010011
00000000
00000011
00100000
00010100
00000000
00000100
00001100
00000000
00000000
00000001
00000000
00000010
10110000
00100000